0.042072984280 
-0.050606474040 
-0.049475956286 
-0.026727549092 
0.046003847628 
0.084940703143 
0.143632649811 
-0.302184767503 
0.058507188556 
0.010574434740 
-0.188903398999 
0.140410021396 
0.113222963638 
0.017251711337 
-0.013691813247 
0.127968365677 
-0.029621178432 
0.073771828053 
0.067060128517 
-0.062033733768 
-0.010141957701 
0.079521883274 
-0.127396837585 
0.142985320333 
0.087206866092 
0.096582474287 
0.072232420035 
-0.089011148931 
0.151652816213 
0.103997756089 
-0.004442499905 
0.189196654137 
0.224761230460 
-0.042902503527 
-0.083945613744 
0.143893977627 
-0.037719555142 
0.029888298706 
0.309185734846 
-0.035064224332 
-0.055427852492 
0.112524095425 
0.053553944507 
0.036069120621 
-0.101257866205 
0.107550640762 
-0.207713808237 
-0.327322858991 
0.024161169919 
-0.044954127650 
0.144322627215 
-0.198831607294 
-0.054363180171 
0.039273473804 
-0.316750592775 
0.176403176525 
-0.134371945638 
-0.176736782799 
0.069916046144 
-0.099942137747 
0.155369186310 
-0.105519729081 
-0.295063636955 
-0.043602160100 
-0.013616489510 
-0.118987196094 
0.073098181373 
-0.066145825215 
-0.109714037501 
-0.096290918838 
-0.046149510712 
0.090389172103 
-0.071133875291 
-0.003647883705 
0.013419158649 
-0.037713475964 
-0.045832679418 
0.203943051252 
0.127246879087 
-0.152797675087 
-0.049516267900 
-0.038097450500 
-0.182074799346 
-0.312188276791 
0.186092243253 
0.134753939823 
-0.082654120001 
-0.081547803025 
-0.029279828096 
-0.399149767664 
-0.062198856300 
-0.059692489013 
-0.053631733972 
0.154397413158 
0.095308450890 
-0.044923328597 
-0.171809520025 
0.038221161975 
-0.029024578392 
-0.063871219344 
0.045514190789 
0.158535362227 
-0.172381479934 
-0.054156891735 
-0.169224054870 
-0.027869127219 
-0.036168428308 
-0.041636289477 
0.084423598865 
-0.031876651753 
-0.045366847108 
0.085778078851 
-0.201459913818 
-0.132487805089 
0.078209124147 
-0.133279407959 
-0.035174226766 
0.174535035913 
-0.060306475992 
0.089189205706 
0.009783349644 
-0.314940432844 
0.001799083463 
0.000671229583 
-0.157178650568 
-0.074651506294 
-0.028753533179 
-0.044427803936 
0.114339924884 
0.146501403493 
-0.007052510559 
0.020471547306 
-0.010368016359 
-0.134832145008 
0.074349248525 
0.151552829475 
-0.103500553389 
-0.011169009422 
-0.090187616527 
0.036933474890 
-0.009577394936 
0.109420486594 
-0.032602190405 
-0.132471542728 
0.067749132685 
-0.087358054071 
-0.035760866184 
0.087123316466 
0.060450875481 
-0.074092063745 
0.132037257673 
0.013850278312 
0.045691842145 
-0.094033669666 
0.000179696766 
0.084855399908 
-0.024828747683 
0.166170396199 
-0.038653722869 
-0.264570011922 
-0.088849918103 
0.053804966068 
-0.041998206601 
0.243774734918 
0.057632499976 
-0.017545284706 
0.060544627890 
0.084256000506 
-0.073515412470 
0.072078395624 
-0.192196140302 
0.144940144195 
-0.068807680431 
-0.051116823655 
0.083037138437 
0.055270480947 
-0.060439404476 
-0.124594938767 
-0.270984904745 
-0.101909613701 
0.144811689067 
-0.033460149969 
0.165472395083 
0.118690758525 
0.104259577241 
-0.001296083610 
0.078150120831 
0.070398708686 
0.042687092465 
-0.378414587158 
-0.089608874635 
0.014470341123 
-0.229012365789 
-0.154420868648 
-0.330411617383 
0.108978092383 
0.094780802642 
-0.010669637335 
0.136281283191 
-0.018584901905 
