0.247417423653 
0.033135523435 
0.015446037363 
0.009767753277 
0.007517736029 
0.005886484037 
0.004601845567 
0.003625988079 
0.003039183459 
0.002751309960 
0.002382343338 
0.002150801584 
0.001971547653 
0.001870067638 
0.001701096742 
0.001635907925 
0.001450898973 
0.001459447607 
0.001406145063 
0.001252193357 
0.001227244948 
0.001221532076 
0.001173834289 
0.001136987684 
0.001144741852 
0.001085545930 
0.001036854113 
0.001042811340 
0.001004745732 
0.000957058917 
0.000933746009 
0.000930929560 
0.000933618052 
0.000879917152 
0.000876245685 
0.000845873195 
0.000881802298 
0.000828263255 
0.000808815907 
0.000806512256 
0.000771380136 
0.000778999599 
0.000727455845 
0.000780921315 
0.000738160772 
0.000726093805 
0.000712334676 
0.000731397958 
0.000694682258 
0.000685248426 
0.000649077030 
0.000658649008 
0.000668944442 
0.000639032994 
0.000636351757 
0.000627846593 
0.000626087746 
0.000617814695 
0.000616936560 
0.000617157647 
0.000620695025 
0.000609082787 
0.000600983726 
0.000577116236 
0.000584315175 
0.000570406884 
0.000578271053 
0.000545068792 
0.000564150942 
0.000557613717 
0.000536271315 
0.000537638962 
0.000533643635 
0.000529425968 
0.000546361293 
0.000522232785 
0.000516573327 
0.000517882835 
0.000513933781 
0.000514790064 
0.000503122869 
0.000515146563 
0.000484708307 
0.000495570832 
0.000500010798 
0.000495347630 
0.000464899023 
0.000476190071 
0.000472313692 
0.000472142119 
0.000469279257 
0.000455792338 
0.000463191320 
0.000459218077 
0.000446208679 
0.000435693425 
0.000455506466 
0.000449013628 
0.000440843554 
0.000442482898 
0.000433583960 
0.000427700484 
0.000442338845 
0.000427698465 
0.000412469563 
0.000421106717 
0.000422198737 
0.000432396310 
0.000440403190 
0.000410464544 
0.000419168841 
0.000422591356 
0.000405381416 
0.000389690360 
0.000415385249 
0.000395928186 
0.000408757582 
0.000390540759 
0.000407848057 
0.000393916840 
0.000384805481 
0.000397996575 
0.000398937596 
0.000393770544 
0.000305874607 
0.000302171695 
0.000302794981 
0.000303001785 
0.000295454531 
0.000292904018 
0.000294535513 
0.000295557587 
0.000292431336 
0.000290145034 
0.000291158304 
0.000297740617 
0.000290309345 
0.000289888576 
0.000289233321 
0.000284391527 
0.000280476461 
0.000284808608 
0.000287569300 
0.000282772949 
0.000286237839 
0.000284834495 
0.000283061490 
0.000277009018 
0.000279278141 
0.000283148569 
0.000280089199 
0.000281224262 
0.000273608913 
0.000281539306 
0.000276114029 
0.000271024419 
0.000278224026 
0.000273605006 
0.000269983465 
0.000269339218 
0.000275259875 
0.000274946485 
0.000269276988 
0.000272586671 
0.000272697080 
0.000269327455 
0.000273016208 
0.000271131195 
0.000266469003 
0.000266161109 
0.000266730352 
0.000268013574 
0.000268398399 
0.000265882652 
0.000267168581 
0.000266709648 
0.000266791682 
0.000272015072 
0.000261619506 
0.000266359002 
0.000255514233 
0.000260038433 
0.000259722323 
0.000265019559 
0.000255930163 
0.000259021551 
0.000259936406 
0.000261769231 
0.000263832833 
0.000253850039 
0.000259592266 
0.000254626132 
0.000254922887 
0.000257478079 
0.000252807814 
0.000255920653 
0.000254345073 
0.000253035445 
0.000248788829 
0.000256935717 
0.000251435272 
0.000247631480 
0.000244701528 
0.000245379004 
0.000252141691 
0.000244439109 
0.000248337135 
0.000250498704 
0.000243843074 
0.000242570111 
0.000243249826 
0.000250728838 
0.000242431378 
0.000243131753 
0.000245582715 
0.000247312429 
0.000247050198 
0.000243776105 
0.000238090618 
0.000242437081 
0.000242850068 
0.000236353945 
0.000240056653 
0.000242610954 
0.000237804910 
0.000237903232 
0.000234211414 
0.000241725417 
0.000236349511 
0.000236500182 
0.000235585508 
0.000237717265 
0.000235445107 
0.000230017947 
0.000237411998 
0.000236767397 
0.000230664483 
0.000233702671 
0.000231182945 
0.000232529891 
0.000231925406 
0.000235334523 
0.000228242775 
0.000232326373 
0.000226926772 
0.000228828084 
0.000228185586 
0.000224663295 
0.000230092869 
0.000206726010 
0.000205617113 
0.000203084541 
0.000200528304 
0.000204970143 
0.000204800480 
0.000206605799 
0.000204137117 
0.000204539685 
0.000202538472 
0.000201972774 
0.000201846017 
0.000202367726 
0.000201804222 
0.000201700350 
0.000203330259 
0.000201729219 
0.000200994646 
0.000202290023 
0.000200758503 
0.000200438349 
0.000199521267 
0.000198751961 
0.000200923341 
0.000200909722 
0.000202138407 
0.000201299449 
0.000199416229 
0.000200682955 
0.000200271326 
0.000198201740 
0.000200500113 
0.000198261021 
0.000200940422 
0.000199401174 
0.000198862723 
0.000199667449 
0.000197575679 
0.000196968354 
0.000197705195 
0.000199083109 
0.000197044754 
0.000195430458 
0.000198937656 
0.000198282351 
0.000198874518 
0.000196506052 
0.000196029692 
0.000196011560 
0.000197664455 
0.000196669959 
0.000195378698 
0.000194212180 
0.000196460173 
0.000194224525 
0.000194325241 
0.000194563765 
0.000195276688 
0.000195720587 
0.000195061398 
0.000194150797 
0.000194702808 
0.000192067196 
0.000192679961 
0.000194275484 
0.000194392123 
0.000192402019 
0.000192798702 
0.000193000690 
0.000192228777 
0.000192576358 
0.000193801010 
0.000192315556 
0.000192955484 
0.000192535124 
0.000192215533 
0.000192575397 
0.000189544240 
0.000190898563 
0.000191673728 
0.000190388850 
0.000192097322 
0.000190021593 
0.000190330575 
0.000192202340 
0.000190122495 
0.000190477901 
0.000189081584 
0.000189394488 
0.000190359251 
0.000188926929 
0.000189491363 
0.000189419760 
0.000188794038 
0.000186970749 
0.000188618434 
0.000188939057 
0.000188089631 
0.000185895968 
0.000188076546 
0.000189013549 
0.000187171472 
0.000184509659 
0.000186442040 
0.000187082883 
0.000186038676 
0.000187393481 
0.000185957528 
0.000184989198 
0.000184601823 
0.000185639172 
0.000185274911 
0.000185903936 
0.000186742012 
0.000186681472 
0.000183606034 
0.000184956245 
0.000185052090 
0.000184768322 
0.000186164915 
0.000184446422 
0.000183832276 
0.000182652690 
0.000182581385 
0.000181985135 
0.000175367196 
0.000174866245 
0.000174291647 
0.000174440472 
0.000174915152 
0.000174570407 
0.000173265377 
0.000174330785 
0.000173968352 
0.000174470172 
0.000174802725 
0.000173721975 
0.000174225509 
0.000174338921 
0.000173155609 
0.000173542078 
0.000173313946 
0.000172658191 
0.000173713561 
0.000173426615 
0.000171799329 
0.000173876228 
0.000174003705 
0.000172094024 
0.000172482922 
0.000172273693 
0.000173186284 
0.000173743684 
0.000172361969 
0.000174073273 
0.000172111014 
0.000171264926 
0.000173863082 
0.000171646156 
0.000172858106 
0.000172075982 
0.000171229690 
0.000172103654 
0.000172642752 
0.000171434254 
0.000171698726 
0.000172160120 
0.000171381696 
0.000172247364 
0.000171963241 
0.000171685273 
0.000169895869 
0.000172681223 
0.000171071635 
0.000171719177 
0.000172369773 
0.000171988971 
0.000172021690 
0.000170213345 
0.000170688795 
0.000170222160 
0.000170137370 
0.000171127656 
0.000170894770 
0.000170604962 
0.000171058337 
0.000168686468 
0.000171677585 
0.000170042891 
0.000170394789 
0.000169788564 
0.000170021982 
0.000169914231 
0.000170386484 
0.000170404191 
0.000169952604 
0.000169592929 
0.000170669509 
0.000169947405 
0.000168675369 
0.000170014945 
0.000170049801 
0.000170709051 
0.000169403767 
0.000168964038 
0.000169892004 
0.000168357974 
0.000169378115 
0.000169280071 
0.000169588844 
0.000168643527 
0.000169591859 
0.000167996422 
0.000169105491 
0.000169148911 
0.000167069692 
0.000169889941 
0.000168467869 
0.000169577068 
0.000169274364 
0.000167661262 
0.000168088079 
0.000169573148 
0.000166410995 
0.000168308089 
0.000167468688 
0.000166725414 
0.000169059474 
0.000168158993 
0.000168825397 
0.000167668654 
0.000167769897 
0.000168446546 
0.000167568517 
0.000167802503 
0.000166442594 
0.000167583359 
0.000167208909 
0.000166569061 
0.000166924453 
0.000167825784 
0.000167747658 
0.000167473072 
0.000166949572 
0.000166547201 
0.000167609505 
0.000167226753 
0.000166265321 
0.000166984879 
0.000166490722 
0.000163365309 
