0.124833695900 -0.042000305762 -0.025441561443 0.148687960332 -0.040306018001 
-0.026495916766 -0.004327230200 -0.094711746635 -0.015991311258 0.000604780592 
0.000107182190 -0.179242123726 0.034378778283 0.081904299945 -0.045209192873 
-0.013444583757 0.001607829519 -0.021025245790 -0.015428134680 0.020337809421 
-0.118596463678 0.048624365267 -0.151395518074 -0.012881415593 -0.003334758677 
0.012108008079 0.001095889681 0.028729960276 0.061480304833 0.027605987066 
0.043215679957 0.024941498961 0.033008646322 0.118093199458 0.009675839377 
0.057164863506 0.030509234232 -0.405580371244 -0.000270506052 0.031119546710 
0.013085553850 0.013336652963 0.019070006644 0.051704513858 -0.003859695124 
-0.303363377030 -0.036443077580 -0.100551593193 0.013382756777 -0.062077103681 
-0.348733389785 -0.036314354291 -0.000652648880 0.030481050801 -0.000491097937 
-0.248469537985 0.068813637931 -0.080862533480 -0.166724255761 0.037616553879 
0.289567923279 -0.063078337946 -0.000156704049 0.024617403104 -0.022723333858 
0.229972745556 -0.026526573915 -0.021690571657 0.013715135170 0.004316902060 
-0.018365547160 0.014603926602 -0.033305395104 0.037692467617 0.025416713014 
-0.172699578550 -0.129557164095 -0.143195027831 -0.011952434722 -0.046317985296 
-0.191433343966 -0.017962886463 0.152413592848 -0.095859039883 -0.085339645632 
0.060812474061 0.031036263615 -0.029468780506 0.061613289754 -0.026321477309 
-0.019315466530 0.013566156195 0.067360748854 -0.174229578537 -0.031862763122 
0.158250052876 -0.064844936915 0.012501719539 -0.155017950310 -0.035711040368 
0.092126989651 0.035981307417 -0.050055413914 0.045737422573 -0.021253816542 
0.032204212156 0.029676290514 0.015795152435 0.056756855445 -0.004486119900 
0.103559425311 0.158547492040 -0.093335108304 0.000662487243 -0.010292143644 
0.057049287092 0.028299026547 0.033555607189 0.110166474844 -0.021749142524 
-0.042008354102 -0.000194946769 -0.026858420230 -0.033374588117 0.027999741596 
0.102379084270 -0.031763028659 0.023460785240 0.109200963058 0.013751634052 
-0.044724424485 -0.002308348295 -0.031873198100 0.005835828905 0.056376963561 
-0.020889828074 0.127001844485 -0.115970605001 -0.126839616337 0.055613436998 
0.061841089842 0.055301840705 0.076924528044 0.154273014124 -0.004532776752 
-0.086595099095 -0.030347298359 -0.056642368397 -0.040205089664 -0.024518269504 
0.043954214991 -0.063902259712 -0.152102254208 -0.010080266616 0.072874728693 
-0.043548856615 0.134359709618 -0.036667258300 -0.031355715009 0.113751289630 
-0.145741439739 0.064026056793 0.058427999289 -0.162037670811 0.055394832841 
-0.022280858161 -0.022712815239 -0.034878755093 0.038330091018 0.059235095144 
0.172952667747 0.225373666801 0.079797925115 0.133117661493 0.020766456884 
0.034634830227 0.018678157177 0.047465669101 0.112905117803 0.012476637795 
-0.024453647655 0.032761754938 0.010114784860 -0.006472928492 0.034252400165 
-0.111849952572 0.047424696341 -0.082609309205 -0.032059771522 0.069253247816 
0.092409620015 0.061237239006 0.097118078878 0.234803998166 0.020599922272 
-0.044810415439 -0.028710529400 0.031682497340 -0.080885620643 -0.026070360136 
-0.257268909160 0.052793348245 0.019466415367 -0.135943126234 0.078093133495 
0.039900895646 0.016879410043 0.048459049931 0.094147404024 -0.016582929132 
0.054290658025 0.096310455113 0.015239670234 0.022679866947 0.010448542674 
-0.112368765313 -0.085349619592 -0.145154193203 -0.091317060847 0.110862514173 
-0.210626777476 -0.018424953639 -0.052017871414 0.055546684197 -0.022886030636 
-0.119212047022 -0.052555384545 0.211703436333 -0.096719800848 -0.064014120261 
0.050528553270 -0.171204085117 0.078356313654 0.036241926053 -0.112600159099 
0.105847414659 0.112796845791 0.124270046665 -0.229458228368 -0.029466207560 
-0.122181897267 -0.013947498424 -0.001661259999 0.070339069711 -0.005458810432 
-0.007683230836 0.009201304502 -0.141135992280 0.006770827998 0.083199281383 
-0.141795598258 0.040676623304 -0.021487863612 -0.100392662753 0.086480842459 
-0.300689432594 -0.010337496769 -0.024714653965 0.002777435254 0.004736173050 
0.030241673946 0.177674310277 -0.043787938198 0.037858569532 -0.015560928717 
-0.046859151813 0.098719290112 0.103603645789 0.022737825395 0.011360647899 
-0.384319698998 0.012634988913 0.071420510037 0.101252146317 0.034146941114 
0.139873255875 0.095702794447 0.157020344038 0.147817031668 -0.022195909487 
-0.125473654231 -0.061194117800 0.072013750157 -0.005225297842 -0.010986586059 
0.254186079799 0.237035405112 0.217683896508 0.177639347692 0.002563337553 
0.002545874861 -0.091751144140 0.234885390291 0.092341805542 -0.057231348304 
-0.202602343844 -0.017550233313 0.039743744791 0.005318190044 -0.048345849822 
-0.089788314807 -0.019374991387 -0.052759699404 -0.073344602177 -0.000316435244 
0.124327972407 0.126309508681 0.094673175496 0.077684145396 -0.010748228833 
0.094440111041 -0.240120554515 0.098608497278 0.074264472433 -0.061413387722 
-0.210469409107 0.121476497795 -0.070538437921 0.001949214140 -0.024895544963 
0.031148638984 0.007496071555 0.022171017221 -0.048444020110 0.015608510993 
-0.149484456126 -0.033546232997 0.097972276747 -0.341589889026 0.010052104827 
0.108600151705 -0.002126901616 -0.019748180541 -0.100373178498 -0.024610800784 
0.136873910919 0.132770141765 0.139362408895 0.073274918507 0.003388604837 
0.057875919218 -0.053753536620 0.019046205114 -0.155232824593 0.000471115383 
-0.186719662083 -0.068015423121 0.073040179820 -0.148867007714 0.006241296718 
-0.003231493723 -0.076137890800 -0.058731377530 -0.087475388677 -0.021662616367 
0.033341466500 0.020827304151 0.059149543836 0.088852538148 0.102304398186 
0.068340609959 0.064124530474 0.045152806834 0.041334292830 -0.026223260655 
-0.041578956473 -0.001112048950 -0.044573152712 0.086120520046 -0.002107310042 
0.065414956990 0.013763844334 0.009096494566 -0.135396854916 0.055551183838 
0.064700661264 0.206718634227 -0.191856828598 -0.000760927445 0.026441421160 
-0.009627612407 0.004131697427 -0.015878385050 0.038922122936 0.023866065623 
-0.030814292399 0.016187246882 0.068223222692 0.094930761942 0.174516465692 
0.024176613287 0.021434765304 0.040559874640 0.073374901872 0.040931008676 
0.032087586433 -0.016470767909 -0.273592544208 0.049794769083 -0.020204824984 
-0.021328627075 0.051937582923 0.125550812411 0.022012680561 0.030693284073 
-0.080622657790 -0.004153035845 0.015440848956 -0.003339338785 -0.020102217600 
0.118587569580 0.118022477117 -0.041861256167 0.045749410310 -0.004674358589 
-0.398691901055 -0.023782902290 0.001666986185 0.024306487084 -0.031322451802 
-0.148748380724 -0.094559122132 -0.125319477949 -0.113764683659 -0.057176482134 
-0.118521068570 -0.055521862311 -0.166993583939 -0.078508703434 -0.044037167335 
-0.105055296698 -0.003278896630 0.037415808374 0.032756458057 -0.033454314218 
0.056192589334 0.053262877269 -0.021466226635 0.018081627504 0.002890211099 
0.040238342609 -0.031204752274 -0.004929819108 0.044441378054 -0.022277296731 
-0.414978625439 -0.025967120413 0.049953163530 0.063114028366 -0.014217420512 
-0.085106429904 -0.002923367343 0.027886355318 0.026811796914 -0.017478135088 
0.122580602702 0.114129454904 0.117992525329 0.068297840360 0.011690832053 
0.053623721770 0.050826175977 0.045776177569 -0.012276452510 0.009589447215 
0.030200038351 0.004818803616 0.056695143571 0.109468749035 0.044179812340 
-0.139448100191 -0.058780025119 -0.097542829146 0.008487794351 -0.042834419145 
-0.002824446103 -0.015333926571 0.008772612844 -0.015376686853 -0.016717810244 
0.024605747635 -0.112812728540 -0.003463846104 -0.040866289211 -0.208108575205 
-0.273533697096 -0.019983710054 0.008852554006 -0.181544630162 0.096389412481 
0.006440673545 -0.050297839852 -0.028144056308 -0.083402950362 0.016165020340 
0.014847096311 -0.038527046257 0.026675212071 0.021434220913 -0.052935075897 
-0.060311886739 0.141949113922 0.101568181339 0.046444741019 0.034609698011 
0.092456253033 -0.027847649861 0.106168069130 0.093563180605 0.039283316314 
-0.251457089798 0.006639719508 0.021284927112 -0.054495599778 0.026642522948 
0.096805495969 0.059060387718 0.041766009823 -0.296508616256 0.011596915417 
0.113856382135 0.117471290064 -0.184555516521 0.050943070285 0.090394530506 
0.009969417978 -0.026065307515 0.014439264082 0.006341376642 0.010705856086 
0.135975785193 0.095668522195 -0.145409331922 -0.033724323254 0.045020695537 
0.075291747552 0.065532956047 0.118476756472 0.059783276740 -0.004363192363 
-0.129108709398 -0.047775816077 -0.131500641140 -0.073812216827 0.072452130205 
0.076525600541 -0.133816840379 0.040401142671 -0.011719503729 0.020270365924 
-0.032884619713 -0.011173535672 0.022044731698 0.018662890470 0.014094869019 
0.273197793672 0.024487407916 -0.091294442200 -0.045687889121 0.018267106997 
-0.023435489438 -0.038772056876 0.030056228978 -0.270693769270 0.000851300133 
0.105562977380 -0.172312868349 0.057822283913 0.055569920447 -0.035885439232 
0.004578714931 0.011446950620 0.017734611340 0.045455922448 0.041128333675 
-0.125510646152 0.010283603589 0.018709310222 0.023244461195 0.027026139919 
-0.012045705214 0.000576776543 0.012530546755 0.022094076157 0.015901137834 
-0.087559447963 0.001016654624 -0.013997816552 -0.117186613400 -0.040848575475 
0.127289464670 0.103594435733 0.156746163770 0.100673707000 0.003406734403 
-0.017724924377 0.004837088135 0.027751815232 -0.027923995333 0.057207289474 
-0.130154281502 0.092869079255 -0.063995448710 -0.081972050462 -0.028941878064 
0.077061778704 0.010580895865 -0.016093871950 -0.458157630338 0.002220173679 
-0.012040864012 0.005992762160 0.005612423755 0.020605715472 0.049141926109 
0.138859137871 -0.021368042733 0.165594270581 0.108777837655 0.020597592812 
0.111401489190 0.102931532422 -0.038229060796 0.036135660803 0.003733945030 
-0.083976725494 -0.043225927597 0.013828256958 0.092205620807 -0.062997151919 
-0.000649822819 -0.000485928843 -0.005366086521 -0.021538560989 -0.004262248205 
0.063672285526 0.062912819292 0.064158647385 0.045068640070 -0.004814292463 
-0.169066442934 -0.001487529625 0.150038990625 -0.219930783185 0.004961219386 
-0.038767653569 0.143786817489 -0.145522240718 -0.026574783104 0.108850348489 
0.009708504060 0.025274673130 0.021328999091 0.071109640931 -0.009241831646 
0.076282537249 0.008649632394 0.239169982063 0.067169568706 0.011138370677 
-0.010639554019 -0.108944417768 0.180035153406 -0.032951389094 -0.074150288401 
-0.228845921600 -0.006971797420 0.030977987521 0.061962085597 0.013022362872 
0.023012917862 0.040497176658 0.043335616970 0.024541004667 0.052510118382 
0.042968423397 0.086893151334 0.399783472138 0.059807045187 -0.057473040859 
0.027944727727 -0.017731093657 0.017511769541 -0.187130932971 -0.050463373707 
0.007899049482 -0.100549686001 0.052251035878 0.033965844953 0.005263531814 
-0.124230877093 -0.025619104978 0.024136521702 -0.051290674650 0.029147894187 
-0.192889506362 0.096501974134 -0.081539162161 -0.193195786143 0.002358823694 
-0.142739709748 -0.013757282401 -0.080095178880 0.026353858216 0.036343289168 
0.029151385335 0.023708826999 0.032693441447 0.093380898290 -0.011407426707 
0.082429322961 0.031929853939 -0.099865163147 -0.196275268267 0.012849557628 
0.127297181676 0.120051729366 0.082621488288 0.076098249128 -0.049393347166 
0.033320122515 -0.021495129606 -0.008911225630 0.046299910648 -0.026808960425 
0.119608538154 -0.052370128981 -0.065150793773 0.088259483789 -0.114636936119 
-0.001203192119 0.000480324558 -0.022814393157 -0.004712010045 0.032346201854 
0.044332028864 0.032277797033 0.029241483921 0.059426304837 0.010345477011 
0.075877339275 0.059092776944 0.073349952232 0.054656865842 0.022534822731 
0.070628945543 0.047933277085 0.050359324229 -0.038690822964 0.016335311467 
0.131002827106 -0.039634631377 -0.050215209355 -0.019644761404 -0.052874054505 
-0.046991837464 -0.082660611015 0.001980806120 0.047356230019 0.032397150316 
0.097019655304 0.016012658821 -0.070084362824 -0.034257766769 -0.013388033178 
-0.166748517269 -0.109133849001 -0.260972179961 -0.105672555870 0.004804381355 
0.043685559336 -0.146319279169 0.044418880705 -0.019588096180 0.027528206521 
0.163329271674 -0.023490139144 -0.059239448154 -0.025733443868 0.006435696482 
-0.012827581818 -0.005500530980 0.000829033422 -0.006763462813 0.005871945054 
0.051808973074 0.002947944328 0.034968563694 0.119468580442 0.016436742780 
0.007251165667 0.021769694039 0.009593037310 0.006310182701 0.007836042216 
0.120413938915 0.258010770127 -0.024263766435 0.113317694772 0.020268449020 
0.026399363484 -0.054486404734 0.013285721447 0.014930901941 -0.056603285796 
0.129019242618 -0.037734803076 0.194882356029 0.047184529726 -0.001517836344 
-0.007994639907 0.004319300474 -0.024152529364 -0.133089457980 0.011923597317 
-0.150020624386 -0.032827409759 -0.086060250059 -0.106147423097 0.003910036608 
-0.013780835675 0.058118867080 -0.128067183596 -0.001877445498 -0.020416358073 
0.068103239335 0.007139084364 0.028357740894 -0.175616307165 -0.008794563336 
0.238488162330 -0.003550659965 -0.017830887363 -0.172024903051 0.011949076917 
0.001970134816 -0.206966822192 -0.057101391157 -0.027942810865 0.085150211765 
0.021844786223 0.035074661529 -0.164340143900 0.020820794767 0.090669349431 
0.039558185857 0.015468816495 0.075166769377 0.039790837493 -0.007559124096 
0.102335943066 0.059132707698 0.070527072190 -0.279826722844 0.043758565219 
0.231129030621 -0.074525175589 0.035983645164 -0.174653632215 -0.016789054507 
-0.039601020139 -0.007565027928 -0.132260006351 -0.027426571730 0.003637831522 
0.059531690177 0.068661867662 0.053831565557 0.042653062779 -0.007544917884 
0.127711914275 0.082771310301 0.095345742668 0.072984337681 0.002571138828 
0.066449083233 -0.047595002196 -0.030740093345 0.032541839312 0.004115279547 
-0.304269143439 -0.065691363193 -0.010762837299 -0.070951544662 -0.030271347459 
-0.229051727190 -0.020988433467 0.018849371517 -0.074479279852 0.027384631303 
0.072955039507 0.239617887082 -0.161810646167 0.002818014447 -0.012497685459 
0.079928333773 0.148223823019 0.134650154416 0.132528589586 -0.048791600859 
0.050641778848 0.020221235047 0.032341234303 0.107427830231 -0.035989830709 
0.224502615050 0.104625143152 0.362444740378 0.164223440966 0.020720842941 
-0.068213122841 -0.021598497463 -0.061832405977 -0.095545115728 0.009077127396 
-0.093013637883 0.008551631221 -0.146894310319 -0.088087547542 -0.008032966537 
0.041383357962 0.219268271515 -0.175332537125 0.011841125876 0.116371344639 
0.014179856217 -0.055431402894 0.019554417624 0.020796776880 -0.058790958991 
0.059128343822 0.059783626950 0.082472249557 0.172888175457 0.080707800817 
0.028428000758 0.077735211589 0.035531575230 0.037296496824 0.034823701666 
0.031457878235 0.011231325329 0.076566789137 -0.001824294330 0.040432964269 
-0.442138129681 -0.006387453897 -0.004592232355 0.069305657245 -0.027144392916 
-0.261088240807 -0.055064310714 0.040133049752 -0.005127969806 0.015127320976 
0.095314742344 0.118041135633 0.249010337358 0.103199463755 0.003525266818 
-0.246005943063 0.019829304401 -0.017943099286 0.058822485684 0.071209013386 
0.051401681136 0.104762113645 -0.104139259859 0.030660574767 -0.046003695479 
-0.392903612126 -0.034556656377 0.040011423496 -0.032152593895 0.018772732210 
0.084018111921 0.032588767306 -0.025480057296 -0.226267109657 0.023166820439 
-0.012172752430 0.078536785697 0.102994846708 -0.039795871776 0.003107149888 
0.007140534564 0.065179783037 0.079906040099 0.087692078395 0.037153785014 
0.009002792580 0.021532385848 0.038748579284 0.059727037547 0.085174362788 
0.052877977873 0.095952073463 0.108972013863 0.051567949724 -0.005973290347 
